-- NEURAL NETWORK ARCHITECTURE --
Epochs: 20000
Learning Rate: 0.005000
Weight and Bias Initialization Range: (-0.200000, 0.200000)
Dataset: data.txt
Activation function: Sigmoid
Train Split (Proportion): 0.010000
Training Dataset Samples: 482
Validation Dataset Samples: 47638
Input Neurons (Features): 2
Output Neurons (Labels): 2
Hidden Layers: 2
Quantity of Neurons in Sequential Hidden Layers: 40 20 

-- MODEL PERFORMANCE --
Train Metrics      || MSE: 0.039539 || Accuracy: 95.23% || Log Loss: 0.309581 || R²: 0.917931
Validation Metrics || MSE: 0.122228 || Accuracy: 84.86% || Log Loss: 0.980291 || R²: 0.731144

-- WEIGHTS --
Layer 1:
Neuron 1: -5.505641 0.017566 
Neuron 2: 0.859645 -1.634433 
Neuron 3: 0.283611 5.804625 
Neuron 4: -0.152220 -3.857633 
Neuron 5: -1.324727 -1.368961 
Neuron 6: 1.980759 1.390398 
Neuron 7: -2.653807 -3.676592 
Neuron 8: -2.474979 2.543531 
Neuron 9: 3.284405 -0.304396 
Neuron 10: 5.492465 0.391195 
Neuron 11: -4.592505 1.067286 
Neuron 12: -2.549530 5.026048 
Neuron 13: 2.880875 -2.042560 
Neuron 14: 3.552732 3.225677 
Neuron 15: 1.133599 0.704612 
Neuron 16: 4.015447 -6.882942 
Neuron 17: -5.592471 4.870879 
Neuron 18: -2.890996 4.746725 
Neuron 19: 1.382337 -5.312117 
Neuron 20: 10.565067 -5.657070 
Neuron 21: -4.762275 -4.627609 
Neuron 22: 0.346599 0.099764 
Neuron 23: -3.954452 3.053330 
Neuron 24: -1.107622 -3.580752 
Neuron 25: -3.251702 5.505051 
Neuron 26: -2.403593 3.312161 
Neuron 27: -2.069735 -3.732305 
Neuron 28: 7.722070 -5.558473 
Neuron 29: 3.260091 -5.897697 
Neuron 30: -0.385108 -3.394025 
Neuron 31: 0.272212 -5.287698 
Neuron 32: 1.310285 2.080929 
Neuron 33: -2.600460 -6.350247 
Neuron 34: 9.535130 5.661190 
Neuron 35: -2.724878 3.928729 
Neuron 36: -2.523605 3.471755 
Neuron 37: -0.143579 -4.012290 
Neuron 38: -0.252662 -5.772349 
Neuron 39: -5.992041 -4.024755 
Neuron 40: 9.730507 3.645587 

Layer 2:
Neuron 1: -0.916495 -0.581488 0.537571 -0.537036 -0.220499 0.033029 0.279817 0.617452 0.072707 0.498278 0.295886 0.813254 -0.368888 -0.856000 0.128265 0.322274 0.089940 0.425942 -0.991440 0.866001 0.940993 -0.092325 0.384302 -0.355075 1.590779 0.609539 0.261149 -1.686251 -1.561257 -0.449152 -0.561442 0.401109 -0.786237 1.930491 0.687314 0.728824 -0.324621 -0.970981 1.995323 -3.601012 
Neuron 2: -0.839121 0.169577 -0.366477 0.208143 0.453509 -0.462975 0.494488 0.216621 -0.349188 0.360161 -0.149604 0.851565 0.027556 -0.683736 -0.507423 3.297598 -1.685228 -0.367657 -0.259432 2.742504 2.581593 -0.077566 0.640357 0.465058 0.000828 0.095482 0.746427 -2.293441 0.242499 0.277801 0.316202 -0.489462 0.630367 2.154079 -0.070490 0.013169 0.334959 0.087519 2.077875 -1.628098 
Neuron 3: 0.218919 -0.391882 -0.022970 -0.591188 -0.326823 -0.134577 0.059295 1.026324 -0.829607 -1.085084 1.221389 1.321801 -0.665301 -0.330523 0.128066 -0.151321 0.568342 0.580092 -0.804762 0.075998 -1.188716 -0.040823 1.530699 -0.380279 1.106770 1.232022 -0.018801 -1.130230 -0.871841 -0.570334 -1.320416 0.063169 0.013821 -2.635121 1.060453 1.072375 -0.742388 -0.782797 -0.650092 -0.474012 
Neuron 4: 1.086643 -0.178519 0.976785 -0.249192 -0.144282 -0.321190 -0.733687 0.582120 -0.440688 -0.097641 0.446545 1.355199 -0.494862 0.196452 -0.242169 -0.708412 1.508639 1.073772 -0.992318 -1.017555 1.984545 0.086822 1.001350 -0.530853 0.215259 0.634467 -0.426875 -0.882236 -0.314718 -0.140929 -0.175974 0.040068 -0.848440 1.692896 1.100705 0.846672 0.016167 -0.712606 2.134805 -0.379383 
Neuron 5: -0.488897 0.387336 -1.165676 0.757925 0.199805 0.537230 0.332039 -0.480148 0.440511 0.860823 -0.489054 -0.839771 0.338020 0.166072 0.331429 -0.497967 -0.418327 0.046978 1.241359 -0.278763 -1.526734 0.034784 -0.957977 0.381557 -1.830431 -0.985015 0.393650 2.072872 2.310745 0.630620 0.595280 -0.332417 1.060353 -1.784768 -0.867535 -0.584081 0.280115 1.029097 -0.829538 1.319947 
Neuron 6: -1.475036 0.127636 -0.512277 0.517970 -0.016539 0.233302 -0.343707 -0.473524 0.409956 1.062778 -0.772498 -0.733160 0.325628 0.664809 0.069164 0.930452 -1.245168 -0.900188 0.662397 2.661100 0.339736 0.076588 -0.947089 0.242126 0.432710 -0.662810 -0.080431 -0.259028 -0.458967 0.287081 0.345264 -0.046259 0.157866 4.085577 -0.999555 -0.634925 -0.023157 0.427833 -0.082008 -0.640615 
Neuron 7: -0.153713 -0.319046 -0.507194 -0.017705 0.040947 -0.326231 0.513020 0.654152 -0.496531 -0.243110 0.808560 0.822327 -0.528104 -0.714553 -0.256526 0.057932 0.898610 0.786824 -0.093619 0.515356 0.280319 -0.091952 0.955607 0.215012 0.804953 0.691190 0.338933 -0.913261 -0.995637 0.028049 -0.805255 -0.082909 -1.345371 0.554616 0.844901 0.714413 -0.309732 -0.566971 1.063419 -3.771536 
Neuron 8: -0.316218 0.347525 -0.047276 0.612381 0.286043 -0.625626 -0.105272 -0.241508 -0.532473 0.168884 0.220149 -0.266891 0.185650 -0.540104 -0.330254 1.111091 -0.383274 -0.983853 0.238374 3.384713 2.588719 -0.086207 -0.361249 0.150989 -0.099919 -0.561094 0.178365 0.298552 0.227522 0.345414 0.743179 -0.463197 -0.191749 3.233956 -0.597546 -0.617424 0.771578 -0.354872 1.924212 -1.473675 
Neuron 9: -1.029563 0.398823 0.329422 0.618615 -0.040349 -0.229768 0.510887 -0.930569 0.431071 0.471357 -0.599807 -0.613415 0.735300 -0.347262 -0.115653 2.839367 -1.788523 -1.537167 0.024597 2.498725 1.452025 -0.006878 -1.466591 0.204796 0.201782 -1.121667 0.556384 -0.142226 -0.254658 0.576345 0.997708 -0.215721 -1.152593 -1.212299 -1.156100 -1.148934 0.842591 -0.922287 1.433131 -3.136310 
Neuron 10: 1.169178 -0.335548 0.265964 -0.747564 0.056831 0.239792 -0.158054 0.848258 -0.121443 0.211806 0.514192 1.360450 -0.851057 0.779364 0.125810 -0.886602 1.635323 1.240999 -0.577291 -2.552328 0.125039 -0.086852 0.968775 -0.316365 0.073215 0.929713 -0.431312 -0.263499 -0.208850 -0.505411 -0.999925 0.145940 0.384689 -2.295754 1.253967 1.151318 -0.801562 -0.234759 0.283613 0.423955 
Neuron 11: -0.068126 -0.185260 0.013288 -0.218025 -0.278721 0.304309 -0.417282 0.074763 0.263919 0.388615 0.067189 -0.435631 -0.185870 0.966746 0.058908 -0.009705 0.271088 0.118665 0.348825 -0.351771 -2.519998 -0.099669 0.091820 -0.539111 -0.569294 -0.085606 -0.816077 1.623898 0.730442 -0.318142 -0.418679 0.490419 0.251230 -0.612784 0.083406 0.027028 -0.500303 0.451952 -2.784053 2.303782 
Neuron 12: 0.639918 -0.267890 1.067326 -0.793478 -0.124962 0.455331 -0.717473 0.264549 0.025134 -0.079159 -0.115289 0.872121 -0.469979 0.664274 0.033549 -0.418765 0.419658 0.676830 -0.697969 -0.817699 -0.523725 0.175188 0.222867 -0.846133 0.142970 0.458552 -0.543167 0.345506 -0.261478 -0.797971 -0.858322 0.255291 -0.890195 -1.002150 0.627603 0.682188 -0.576854 -0.951800 -0.853493 0.620129 
Neuron 13: -0.188242 -0.066136 -0.545167 0.317887 -0.156915 -0.371424 0.334897 -0.127159 -0.240632 -0.067095 0.014003 -0.512790 0.404473 -0.805972 -0.140194 0.840936 -1.721070 -1.017869 0.111738 -1.538038 1.204677 -0.039183 0.032971 -0.004628 -0.027986 -0.116260 0.489076 -0.062889 0.100177 0.193969 0.793627 -0.201885 0.104899 0.342653 -0.343119 -0.095921 0.736259 -0.006810 1.384553 -2.193671 
Neuron 14: 0.453141 0.038055 -0.475228 -0.013614 -0.054639 -0.556738 0.389387 -0.079377 -0.548070 -0.795689 0.525832 -0.158531 0.229417 -0.819329 -0.180445 -2.065338 -0.397927 -0.294542 0.521320 -2.046759 -0.660411 -0.096593 0.172030 -0.109550 -0.208635 -0.112346 0.419597 -0.865371 0.229512 -0.072788 -0.370557 -0.006008 1.186275 -3.711782 -0.330226 -0.165769 -0.110161 0.605201 -0.228706 0.736417 
Neuron 15: -0.171851 0.086302 0.189564 -0.556298 -0.179416 0.574331 -0.838774 0.166510 0.278519 0.897361 -0.364314 0.127800 0.021448 0.866098 0.449513 -0.578044 0.308035 0.528750 0.058053 -0.065849 0.021311 0.045855 0.160491 -0.387865 -0.111882 0.115157 -0.743156 0.139560 0.151355 -0.286216 -0.798479 0.268824 0.005505 0.495943 0.214248 0.221837 -0.762103 0.094431 0.163781 0.158980 
Neuron 16: -2.219593 0.012583 1.473820 -0.872527 -0.553677 0.441026 -1.503797 -0.037963 0.617822 1.899033 -1.290653 1.052754 0.460882 1.646910 0.257877 1.015339 0.028409 0.700949 -0.140867 3.281419 -0.717443 0.104553 -0.674722 -1.019470 -1.897159 0.259069 -1.309574 3.984156 2.012803 -0.722099 -1.547559 0.527186 -0.382274 5.033300 0.384676 0.336727 -0.977799 0.452751 -1.320560 3.739934 
Neuron 17: -1.855848 -0.177103 0.960553 -1.081867 -0.862834 0.621379 -1.604695 -0.058216 0.409300 0.519738 -0.259269 0.299117 0.553586 0.471645 0.536405 1.057821 -1.187750 0.107780 -0.954820 3.450626 1.356503 0.115889 -0.045637 -1.451186 1.594403 0.039423 -1.383371 -2.182006 -1.708541 -1.071893 -0.922324 1.104240 -2.449912 0.278583 -0.010630 0.147147 -0.700401 -1.932006 1.492987 -1.661208 
Neuron 18: 0.934236 0.127200 -1.126266 0.444547 0.408604 0.016101 0.348166 -0.011862 -0.135823 -0.168317 -0.138864 -0.688134 -0.155823 -0.387375 -0.309389 -0.814715 0.722034 0.289427 0.788194 -1.222890 -0.827991 -0.140140 -0.108091 0.355871 -1.672111 -0.116818 0.213892 1.919068 1.538801 0.334086 -0.177401 -0.384928 1.505278 -0.162896 -0.202095 -0.080402 -0.108776 1.568087 -0.533461 0.243614 
Neuron 19: -1.221206 0.254737 -0.912351 0.348056 -0.338296 0.670860 -0.502434 -0.688409 1.025020 1.786245 -1.275751 -1.208117 0.750859 0.775942 0.284296 0.063585 -1.784334 -0.626627 0.999272 0.219008 -1.263654 0.021822 -1.131248 0.133547 -0.408250 -0.629298 -0.091360 0.890484 0.204506 0.361517 0.444305 0.419094 -0.617293 2.736589 -0.593266 -0.813230 0.023546 0.253842 -1.774749 3.117903 
Neuron 20: 0.174767 -0.019787 -0.712713 0.444502 0.076329 -0.217954 0.403453 0.134046 0.017303 -0.361576 0.293980 -0.104857 -0.072242 -0.516521 0.189367 0.988645 1.285432 -0.222056 0.283570 2.313596 0.416431 0.213748 0.156650 0.675107 -1.478025 -0.003318 0.468910 2.530115 1.620366 0.457826 1.553671 -0.112666 -0.030377 -3.089295 0.185651 0.250856 1.017030 0.189719 0.602986 0.338958 

Layer 3:
Neuron 1: -4.902154 6.341569 1.718693 -2.571346 -5.140202 -3.360283 5.142363 5.406437 -6.131252 -2.347903 6.306982 1.882792 4.621976 -4.574129 -1.510805 3.495410 -4.560427 3.602842 2.120575 2.475189 
Neuron 2: 4.901374 -6.345870 -1.718895 2.571878 5.141505 3.360947 -5.142497 -5.404929 6.132034 2.348639 -6.306637 -1.883536 -4.621664 4.575104 1.512756 -3.496747 4.561759 -3.602433 -2.120800 -2.475674 


-- BIASES --
Layer 1: 4.123457 0.372242 -3.163542 2.085865 1.606199 -1.808358 3.233834 0.008208 -1.683602 -3.082700 1.738804 -1.235053 -0.613246 -3.137804 -0.971513 -0.575501 0.416474 -0.583876 2.480365 -5.342828 2.654828 -0.247212 0.195176 2.641482 -2.869015 -0.395672 2.888382 0.888790 3.123637 2.045147 2.193091 -1.936624 5.796820 -9.135310 -0.484236 -0.416916 1.890980 4.291712 3.273068 -5.211241 
Layer 2: -1.175119 -0.521794 -0.491416 0.038219 1.531235 -1.280228 -0.782642 -1.427341 -1.443457 0.049096 1.059912 -0.225852 -0.171784 1.606957 0.503906 -1.501135 -2.147575 1.453339 0.087748 0.578926 
Layer 3: -1.112864 1.108902 
