-- NEURAL NETWORK ARCHITECTURE --
Epochs: 10000
Learning Rate: 0.005000
Weight and Bias Initialization Range: (-0.200000, 0.200000)
Dataset: data.txt
Activation function: Sigmoid
Train Split (Proportion): 0.010000
Training Dataset Samples: 482
Validation Dataset Samples: 47638
Input Neurons (Features): 2
Output Neurons (Labels): 2
Hidden Layers: 2
Quantity of Neurons in Sequential Hidden Layers: 40 20 

-- MODEL PERFORMANCE --
Train Metrics      || MSE: 0.104891 || Accuracy: 85.89% || Log Loss: 0.672041 || R²: 0.763995
Validation Metrics || MSE: 0.123212 || Accuracy: 82.28% || Log Loss: 0.767339 || R²: 0.712228

-- WEIGHTS --
Layer 1:
Neuron 1: 2.069400 0.095210 
Neuron 2: 0.520039 2.958038 
Neuron 3: 3.770212 -0.510930 
Neuron 4: 0.371204 1.769118 
Neuron 5: -1.143424 -0.680523 
Neuron 6: -0.193340 -2.855608 
Neuron 7: 1.952401 1.766075 
Neuron 8: 1.785023 -2.602538 
Neuron 9: 0.099784 4.410715 
Neuron 10: 2.484955 0.973002 
Neuron 11: 1.995015 -3.957085 
Neuron 12: 2.089967 -3.517090 
Neuron 13: -1.798817 0.328667 
Neuron 14: -5.462693 1.896505 
Neuron 15: 0.320826 -2.776480 
Neuron 16: -1.622231 -0.330687 
Neuron 17: -1.003831 1.905793 
Neuron 18: 0.197366 1.681824 
Neuron 19: -2.328576 -1.281208 
Neuron 20: 0.779548 -3.459585 
Neuron 21: -2.795752 -2.083431 
Neuron 22: 0.881816 2.126000 
Neuron 23: 1.716297 1.136010 
Neuron 24: -0.670426 3.055897 
Neuron 25: -2.229629 2.699485 
Neuron 26: -0.391525 -2.405428 
Neuron 27: -7.387342 -3.633301 
Neuron 28: -0.545756 2.781821 
Neuron 29: 1.319459 0.471716 
Neuron 30: -1.874949 3.025984 
Neuron 31: 0.170882 1.673772 
Neuron 32: -1.511173 -2.106898 
Neuron 33: 3.240994 0.603865 
Neuron 34: -0.660837 1.926516 
Neuron 35: -1.459205 1.378513 
Neuron 36: 0.032949 -2.388106 
Neuron 37: 2.275231 1.028672 
Neuron 38: 0.303608 3.872120 
Neuron 39: -0.535603 1.498247 
Neuron 40: -1.396653 -0.280427 

Layer 2:
Neuron 1: 0.617711 -0.072996 0.934256 -0.022220 -0.312262 0.495638 -0.022998 0.390686 -0.764493 0.325062 0.813116 0.975040 -0.442406 0.270700 0.551610 -0.304661 -0.343991 -0.266572 -0.424422 0.136540 0.208727 -0.093228 0.207519 -0.535475 0.182142 0.364403 0.490719 -0.368099 0.107136 0.152750 -0.011442 0.015563 0.360322 -0.417471 -0.267716 0.334892 0.434343 -1.059605 -0.219516 -0.370254 
Neuron 2: 0.862455 0.091953 1.110357 0.066352 -0.512244 -0.046598 0.530392 0.278348 -0.236976 0.873449 0.370012 0.348127 -0.744889 -0.632152 0.218638 -0.576318 -0.284584 -0.024188 -0.861795 0.466701 -0.868936 0.136834 0.671939 -0.031259 -0.779950 0.155683 -0.707343 -0.120812 0.344059 -0.699892 0.195997 -0.387183 0.659116 -0.025792 -0.352152 0.083203 0.868459 -0.259050 -0.170178 -0.534923 
Neuron 3: 0.666515 -0.504410 0.073024 0.531020 -0.646609 -0.514083 0.465276 -0.877637 -1.150795 0.379230 -1.530651 -1.004499 -0.567594 -2.819797 -0.398144 -0.418994 0.838389 0.528433 -0.821164 0.863831 -0.423365 0.423810 1.190583 0.907658 -1.504613 -0.524285 -4.030861 0.703834 0.866879 -1.491958 0.657199 -0.924481 0.255566 0.639682 0.430130 0.134795 0.106386 -0.052714 -0.068405 -1.118080 
Neuron 4: -0.039259 0.081993 0.093404 0.148249 0.210347 -0.001169 0.204500 -0.083378 -0.343595 0.151582 0.151052 0.053394 0.199216 -0.040098 -0.101324 0.150523 -0.017209 0.166094 0.196394 0.006726 -0.015009 -0.074240 -0.137886 0.134560 0.074828 0.077413 0.038804 -0.048963 -0.201260 -0.232535 0.063344 -0.000972 0.116099 0.158684 0.187738 -0.103397 -0.118434 -0.175567 -0.112780 0.225250 
Neuron 5: -0.524824 -0.392698 -0.423060 -0.268604 0.291413 0.533070 -0.785397 0.125740 -0.285175 -0.688255 0.536465 0.289236 0.105977 0.345311 0.503721 0.254496 -0.335447 -0.361655 0.840887 -0.046222 0.909161 -0.643490 -0.713055 -0.452072 0.416518 0.559397 -0.690990 -0.593604 -0.498640 0.161625 -0.213029 0.741344 -0.499659 -0.184473 -0.141084 0.455704 -0.522892 -0.682381 -0.008670 0.317065 
Neuron 6: 0.133519 -0.174621 -0.061913 0.083307 -0.191451 -0.251253 0.208587 -0.024133 -0.365661 0.289691 0.143267 0.166430 -0.170754 -0.609497 0.126542 -0.243388 -0.060671 0.144447 -0.128479 0.367714 -0.145525 0.349552 0.198921 0.025525 -0.120166 -0.250562 -1.971191 0.158108 0.096912 -0.202082 0.081326 -0.263976 -0.034311 -0.085757 -0.176003 0.035602 0.308783 -0.301447 -0.153139 -0.014390 
Neuron 7: -0.174824 0.172995 0.313381 -0.080145 -0.067982 0.007965 0.026431 0.052398 0.060770 0.080062 -0.066443 -0.072384 0.065944 0.029353 -0.103962 0.033366 -0.006086 -0.188737 -0.195433 -0.104040 -0.157754 -0.087329 -0.034399 0.106095 -0.085413 0.016338 -0.174327 0.086693 0.002116 -0.060036 0.206617 0.101266 0.055353 -0.201603 0.048974 -0.172244 0.165520 0.061263 0.101984 -0.031859 
Neuron 8: -0.076294 0.129145 0.614432 -0.289794 0.177808 0.518239 -0.080097 0.915292 -0.228488 0.207034 1.168224 0.737106 -0.257398 0.128685 0.682419 -0.167576 -0.645378 -0.247538 0.300770 0.119224 0.538746 -0.379789 -0.471574 -0.551619 -0.224733 0.655166 3.430308 -0.846557 -0.245984 -0.294289 -0.444421 0.735914 -0.168154 -0.648726 -0.635316 0.239726 0.144350 -0.506005 -0.119663 0.309859 
Neuron 9: -0.112927 -0.788745 -1.139143 -0.308099 0.129078 0.911678 -0.315042 -0.080665 -1.279167 -0.567453 0.706797 0.449281 0.078001 -2.828141 0.893253 0.068665 0.218987 -0.393035 0.099014 0.762636 0.679601 -0.630685 -0.004537 -0.884933 -1.053240 0.716200 -3.903562 -0.683819 -0.015775 -1.060006 -0.246234 0.468597 -1.198865 0.013806 0.038486 0.744685 -0.393195 -1.261694 -0.105916 0.033473 
Neuron 10: 0.274628 0.469816 0.305879 0.035302 -0.289845 -0.280314 0.548410 0.043018 0.066716 0.544737 -0.479156 -0.264972 -0.185794 -0.957795 -0.322060 -0.365111 -0.186935 0.170709 -0.706843 0.131888 -0.505889 0.545834 0.373026 0.469654 -0.310470 -0.211311 -2.194591 0.266406 0.175480 -0.183300 0.131220 -0.465382 0.304512 0.115519 -0.041107 -0.334368 0.811175 0.231104 0.234166 -0.152584 
Neuron 11: -0.013322 1.387718 -0.309656 0.140012 0.280258 -0.725271 0.590634 0.281503 1.600418 0.380665 -0.273953 -0.321856 0.091026 1.615288 -0.578225 0.026924 -0.394746 0.104004 -0.098136 -1.618915 -0.520055 0.418805 -0.142481 0.425276 1.688701 -0.343565 -0.825868 0.067863 -0.412157 1.687930 -0.044104 -0.089710 -0.236928 -0.266525 -0.210329 -0.964815 0.187786 1.455259 0.341564 0.612546 
Neuron 12: 0.207671 -0.295024 0.059524 -0.406326 0.178598 0.697228 -0.069291 0.339460 -0.369160 0.077729 0.620971 0.278626 -0.206364 -0.162195 0.491618 -0.112579 -0.130454 -0.379518 -0.012863 0.330950 0.155352 -0.345435 -0.016519 -0.651795 -0.396806 0.436499 -0.136458 -0.352254 -0.006758 -0.098798 -0.252187 0.224363 -0.112648 -0.281353 -0.204421 0.490584 -0.257787 -0.676931 -0.315437 0.014447 
Neuron 13: -0.407131 -0.687584 -1.343155 -0.180734 0.305839 0.098516 -0.965105 -0.893340 -0.933911 -1.232507 -1.186736 -1.103437 0.506677 -0.207728 -0.220382 0.734037 0.415482 -0.035250 1.106886 0.408950 1.529234 -0.379398 -0.345456 0.429775 -0.394889 0.404057 -0.792033 0.512780 -0.496261 -0.263939 -0.126087 0.792793 -1.487264 0.260370 0.627304 0.072722 -1.054291 -0.409426 0.200673 0.318632 
Neuron 14: -0.141740 0.087264 -0.459706 0.151953 -0.034395 0.081399 -0.225707 -0.033329 -0.072280 -0.252427 -0.038567 -0.105127 0.048826 -0.163560 -0.105100 0.291743 0.176644 -0.034140 0.294687 0.017706 0.299113 0.189674 -0.270279 -0.028802 -0.231826 0.129925 0.293493 -0.096391 -0.175534 -0.097501 0.096056 -0.026394 -0.215395 0.141967 0.280123 -0.162040 -0.051609 0.101888 0.211059 0.116427 
Neuron 15: 0.617437 -0.241384 0.253088 0.386991 -0.482899 0.039654 0.423545 -0.336806 -0.560489 0.382245 -0.578519 -0.846478 -0.274205 -1.733462 -0.073197 -0.355682 0.124266 0.083480 -0.506662 0.799021 -0.510368 0.185300 0.651284 0.284697 -0.991308 -0.133887 -3.564763 0.298755 0.464547 -0.909203 0.040695 -0.633014 0.257980 0.345242 0.037936 0.042774 0.557886 -0.349028 -0.161422 -0.581201 
Neuron 16: -0.416836 -0.991319 -1.201734 -0.507710 0.385701 0.243055 -1.089927 -0.831055 -1.443301 -1.246255 -0.536739 -0.467036 0.362910 -1.172869 0.279565 0.771536 0.417590 -0.288545 1.112320 1.013789 1.700340 -0.630903 -0.400943 0.058781 -1.135292 0.603139 -1.474429 0.292245 -0.269830 -1.362049 -0.043131 0.754378 -1.474864 0.159813 0.679861 0.152277 -1.030454 -0.891313 -0.358536 -0.075033 
Neuron 17: 0.004112 -0.902463 0.368974 -0.576155 0.153243 0.848656 -0.211097 0.729779 -0.993261 0.086582 1.191266 1.038085 -0.401976 0.002596 0.868297 -0.223506 -0.710650 -0.440814 0.399227 0.930068 0.282135 -0.395391 -0.414104 -1.009224 -0.507866 0.605970 1.426581 -0.931884 -0.221905 -0.457345 -0.299113 0.423602 0.074516 -0.559102 -0.599371 0.944363 0.076145 -1.347862 -0.284397 0.041234 
Neuron 18: 0.154437 0.274175 -0.044577 -0.221528 -0.050375 0.026826 -0.081996 0.130228 -0.279605 0.097106 0.152870 0.128147 -0.024149 -0.252032 0.173644 -0.102470 -0.172005 -0.102734 -0.064574 0.009785 -0.013387 -0.003179 -0.069420 -0.314749 0.334853 0.094456 -1.117522 -0.175156 -0.178958 0.274522 -0.152856 0.128261 -0.017286 0.010205 -0.207866 -0.102622 0.044122 -0.170953 -0.043906 0.113152 
Neuron 19: 0.185465 0.499607 1.099037 0.489098 -0.155729 -0.870450 0.765503 -0.227539 1.165996 0.463042 -0.337029 -0.255903 -0.224975 0.982903 -0.678453 -0.225801 0.312756 0.366048 -0.652588 -0.564716 -1.166807 0.472924 0.434514 0.658252 0.750997 -0.546026 0.875592 0.753603 0.294029 0.710466 0.561259 -0.674341 0.778542 0.305135 0.001447 -0.526901 0.579724 1.193560 0.353366 -0.201786 
Neuron 20: -0.674958 0.168248 -1.231023 0.509590 0.076752 -0.652938 -0.215570 -1.339010 0.085859 -0.350247 -1.502235 -1.622253 0.791574 -1.032861 -0.930266 0.372564 0.842010 0.381493 0.389340 0.071590 0.451448 0.292642 -0.242946 0.927294 -0.105022 -0.600878 -2.662093 0.790586 -0.369099 -0.270941 0.559649 -0.134481 -0.997839 0.755218 0.855940 -0.842861 -0.267877 0.454347 0.766625 0.299748 

Layer 3:
Neuron 1: -2.618278 1.575747 -3.747148 -0.094269 -0.679376 -1.028163 -0.253950 -1.794503 3.163112 -1.719089 3.526109 -0.779372 -3.269912 0.435559 3.067441 3.782527 1.662969 -0.038907 -2.184243 -3.812351 
Neuron 2: 2.566445 -1.595693 3.719624 -0.149231 0.704651 0.969025 0.211846 1.809666 -3.134569 1.713576 -3.522803 0.726101 3.243587 -0.422835 -3.052773 -3.761953 -1.655399 0.175124 2.166429 3.861031 


-- BIASES --
Layer 1: -0.892415 -2.311416 -2.369725 -0.824699 0.717349 1.272303 -2.309211 -0.462186 -3.167067 -2.346672 0.244543 -0.208316 0.619037 0.187507 0.914924 1.020243 0.272302 -0.717385 2.064496 2.139908 3.378712 -1.390367 -1.114627 -0.608888 -1.489071 1.215044 4.035991 -0.492344 -0.657780 -1.856394 -0.499869 1.603844 -2.799839 0.034215 0.548939 1.119139 -2.129353 -2.362933 -0.527144 0.409162 
Layer 2: -0.666135 0.100596 0.901709 -0.080506 -0.095530 -0.028741 -0.155484 0.020227 1.339789 -0.360776 -0.527393 0.122077 0.392315 0.027076 0.194865 1.795746 -0.278565 -0.427227 -0.255720 1.148037 
Layer 3: 1.024724 -1.006109 
